Platform 192.0 541.0 60.0 26.0 true 
Platform 929.99963 209.99998 60.0 26.0 true 
Platform 267.00003 538.0 60.0 26.0 true 
Platform 822.90125 563.1196 100.0 26.0 false
Platform 710.80457 552.2095 40.0 200.0 false
Spikes 832.0 584.0 50.0 20.0
Spikes 128.0 206.0 50.0 20.0
Spikes 294.0 138.0 50.0 20.0
Spikes 528.0 226.0 50.0 20.0
Platform 589.00024 331.99994 40.0 530.0 true
Door 841.0001 14.000015 20.0 70.0 70.0 70.0 5.0 620.0 416.0 20.0 20.0
Man 418.0 500 20.0 20.0
Woman 1184.0  500 20.0 20.0
Moving 600 300 200 200 0 300 4